1 1 2 3
1 0 1 1
14 20 23 19
9 13 14 15
7 15 11 11
9 11 11 11
21 12 24 17
10 5 5 6
1 2 1 4
3 3 3 2
9 9 10 5
6 5 4 1
7 8 7 4
0 1 2 2
14 9 7 11
1 3 3 3
13 7 9 12
15 15 9 15
1 2 1 1
5 4 2 1
6 8 4 6
3 3 1 1
2 0 3 2
14 12 11 6
6 6 7 8
5 2 1 2
2 5 4 1
1 5 3 1
1 1 1 2
3 8 6 2
12 8 6 10
1 5 4 5
10 7 8 8
19 16 20 12
13 10 8 12
5 4 4 4
8 9 11 8
7 9 8 11
17 13 16 15
10 8 12 11
20 21 20 17
13 15 13 13
10 16 14 10
2 1 2 3
0 2 3 1
10 16 10 15
12 17 11 16
0 1 1 0
4 7 7 6
10 8 17 13
8 16 8 7
1 0 0 1
8 13 11 10
6 10 4 6
7 7 5 6
14 14 12 12
4 4 5 4
