84
30887 36916
-38336 60493
-41422 -90028
20060 -13927
-83427 55737
95369 -56430
-21531 65124
3136 -79803
23059 98168
18457 78043
77374 -44920
-98538 94325
64371 3527
-68981 -41874
-99171 97282
-20926 -36328
-26506 21730
-25858 -53896
-546 -33368
90365 13751
-26809 -47179
93585 -2652
-12400 -95061
93369 -10013
-98587 97540
-80571 60379
66602 12903
-70493 60757
-60281 9442
-29690 -46620
44730 8118
5772 90676
98928 77857
-72354 -76966
64684 -28625
-32872 48830
-30020 -63369
-86716 -18150
-724 -2246
93452 43556
-97489 88229
92351 -41501
-87765 24915
75857 46492
48366 -81937
52552 99229
-75408 -76122
94396 61238
-73794 94429
-31012 -39530
22405 55764
-54539 -36841
-44819 70689
67918 -66997
-87744 -12184
-95500 -6726
55591 -68140
69787 -38083
88465 39508
-28805 -78612
27829 -87344
-35569 55423
13811 21802
-73731 -11306
-78737 -48627
-3466 -73417
-13259 -67638
-5625 -32037
11900 -45551
90072 87132
84931 -45895
70164 87982
52997 13774
-39669 -81096
-16467 -11341
-27685 -55543
79108 19757
18419 -89413
32173 -62010
-25211 -67588
19302 67373
1256 44600
29905 -39812
15668 46229
151
X 61 71
C 53 59
X 38 69
X 9 41
Y 39 81
Y 3 10
C 3 5
C 3 78
C 25 75
Y 40 82
C 13 56
C 24 65
X 9 58
Y 17 80
Y 12 53
Y 18 26
Y 21 62
X 27 55
Y 29 35
Y 3 33
X 1 7
X 38 65
X 43 79
C 1 74
Y 2 40
X 33 67
C 43 68
X 22 69
C 54 61
Y 47 56
C 18 28
X 55 65
Y 53 81
X 10 21
C 17 49
C 22 37
C 20 45
C 41 45
Y 15 58
C 20 60
C 4 13
X 6 24
C 20 60
C 27 80
X 52 64
X 18 74
C 74 78
Y 34 56
C 48 59
Y 24 70
C 13 36
Y 13 82
X 57 67
C 39 46
X 19 78
C 70 76
X 58 70
X 22 81
X 55 66
C 41 83
X 9 75
Y 21 27
X 41 43
C 5 31
X 38 55
Y 24 47
C 28 37
Y 14 38
X 35 81
C 33 44
C 64 73
C 46 50
C 24 42
Y 10 28
Y 35 83
X 45 77
Y 29 67
Y 22 42
C 19 54
C 62 76
X 6 54
X 56 80
X 35 82
Y 1 82
C 3 35
C 1 67
X 50 62
Y 31 47
C 14 56
Y 32 47
X 38 56
C 7 23
C 9 44
C 42 76
Y 47 84
Y 40 56
X 57 66
C 3 63
Y 17 38
X 4 71
C 41 81
X 19 53
Y 67 79
Y 52 58
X 61 69
Y 72 76
X 22 53
Y 16 72
X 57 65
X 52 66
C 4 81
X 56 63
Y 7 12
C 5 58
C 34 83
C 23 30
Y 46 51
X 2 67
C 79 84
C 10 60
C 12 67
C 75 76
C 19 42
X 2 24
Y 2 36
Y 58 81
Y 19 63
C 13 60
X 15 35
X 24 37
Y 46 46
Y 37 58
X 11 42
C 34 72
Y 36 76
C 32 33
X 10 20
X 58 62
X 12 33
X 4 43
Y 5 69
C 22 63
X 5 60
C 4 29
C 11 35
X 67 72
Y 3 62
C 16 67
X 4 7
X 41 47
C 15 31