1
50 2 7
20 19
36 27
25 4
5 1
5 9
1 23
1 35
50 28 115
8 39
46 22
21 1
48 24
26 47
17 35
38 20
19 13
26 40
47 20
41 27
26 5
19 37
48 38
7 47
14 2
16 24
45 31
27 5
35 40
24 11
22 33
6 42
11 50
41 8
41 31
43 19
26 14
45 40
5 50
6 25
34 33
28 30
20 42
8 22
20 3
41 35
7 8
1 12
26 7
14 23
21 19
5 1
33 16
30 33
19 20
30 23
43 25
10 24
21 50
10 12
19 24
25 18
28 50
41 45
49 33
10 5
41 42
28 5
23 40
2 6
41 36
4 44
27 7
27 29
41 39
40 36
25 24
29 37
39 1
45 30
28 37
22 50
31 9
2 39
7 2
38 18
16 5
10 11
12 38
19 26
24 47
21 40
4 21
43 33
30 43
48 40
43 9
15 37
50 24
33 42
25 30
25 32
13 28
21 3
14 22
9 19
25 4
10 32
39 17
33 26
6 35
19 7
9 23
13 15
23 26
14 43
21 35
10 36
47 25
35 28
29 15
40 31
46 49
9 42
50 22 89
6 2
7 36
37 42
44 45
30 16
25 2
32 11
39 36
46 26
21 3
17 14
2 11
23 27
45 49
1 28
26 1
32 6
3 40
30 21
37 35
23 12
29 31
34 1
26 48
20 1
6 20
32 15
6 42
43 18
39 1
1 41
46 15
35 9
34 17
7 43
17 20
24 7
17 33
29 33
29 15
39 31
41 30
2 1
2 18
27 38
47 30
13 5
33 5
24 3
44 39
48 40
8 50
22 5
19 35
23 25
18 50
41 22
49 47
28 35
23 34
16 42
22 46
45 24
41 8
1 37
15 28
4 28
27 6
45 2
8 11
44 20
12 18
30 38
31 23
36 35
4 32
3 23
28 43
48 43
34 45
50 27
6 28
8 49
36 32
4 47
24 23
30 25
21 18
41 37
50 8 16
29 38
11 17
25 29
10 29
22 49
48 29
27 49
22 42
32 50
3 17
11 43
48 34
50 39
18 43
42 29
31 22
50 2 21
33 28
44 14
25 18
42 33
26 42
41 13
46 30
1 23
4 46
31 35
5 18
47 38
31 3
12 20
10 41
29 23
45 42
37 26
38 39
21 10
18 27
50 3 24
32 46
18 23
3 38
27 32
23 36
6 17
26 28
49 45
7 22
7 10
47 11
37 22
12 50
38 47
7 15
38 9
32 42
25 29
1 23
49 19
10 28
2 36
33 41
19 45
50 22 75
20 31
46 48
3 12
34 1
15 38
40 26
50 18
45 2
15 47
37 16
40 6
18 38
5 41
45 12
8 16
21 28
40 9
40 18
43 4
50 19
22 2
43 20
3 5
29 14
32 26
33 31
49 31
2 9
16 29
33 13
25 48
13 30
8 38
7 27
33 15
4 27
29 36
19 3
2 49
17 23
26 33
40 32
12 29
50 45
47 26
9 47
32 12
14 35
30 46
23 46
4 3
33 45
33 6
11 44
37 47
21 24
42 7
44 29
21 30
6 47
10 22
5 48
32 6
2 44
7 8
5 49
7 22
21 14
37 17
36 43
48 9
41 42
5 40
50 25
22 33
50 4 46
41 40
38 27
35 44
50 4
41 21
4 16
47 5
19 1
4 20
13 18
25 15
27 37
14 39
31 41
20 46
40 1
17 3
43 14
34 46
8 29
31 1
47 40
25 5
28 3
3 48
21 4
48 13
43 34
41 20
26 20
22 47
37 46
49 33
30 33
23 35
27 40
7 27
5 18
4 35
2 47
47 36
45 1
9 8
17 6
19 29
49 30
50 2 80
22 3
49 16
23 4
4 31
4 48
5 19
49 38
27 5
7 32
19 12
16 9
12 13
38 37
41 48
34 31
37 15
39 19
26 22
9 50
28 20
7 15
43 41
16 35
40 26
48 17
38 47
5 37
29 28
31 45
31 50
49 1
2 1
14 10
26 28
7 5
24 38
12 9
2 11
33 8
34 21
41 32
44 23
49 28
49 32
43 14
25 42
39 17
29 47
48 14
46 19
42 27
40 32
37 6
47 28
32 38
26 25
29 18
47 24
37 27
36 25
17 15
8 25
16 24
43 2
36 35
22 24
49 42
30 38
29 46
23 29
15 48
19 33
3 45
10 28
5 38
17 25
23 43
5 8
13 5
30 6
50 40 6
41 17
39 43
48 3
24 29
36 41
17 47
